function [NetPos] = NetposSaver()
NetPos = struct;

%% SIL simulation 06/06
% NetPos.lat = 63.6281111085521;
% NetPos.lon = 9.724609316783464;
% NetPos.height = 150;
% NetPos.z = -3;
% NetPos.heading = 65;

%% Agdenes 24/05

% NetPos.lat = 63.62848193735199;
% NetPos.lon = 9.726324254172361;
% NetPos.height = 150;
% NetPos.z = -3;
% NetPos.heading = 66.5;

%% Agdenes 31/05 test 1
% NetPos.lat = 63.62852832784504
% NetPos.lon = 9.726611753451145;
% NetPos.height = 150;
% NetPos.z = -3;
% NetPos.heading = 66.5;

%% Agdenes 31/05 test 2
NetPos.lat = 63.62860673728398;
NetPos.lon = 9.726862372355976;
NetPos.height = 150;
NetPos.z = -3;
NetPos.heading = 66.5;
%% Agdenes 01/06
% NetPos.lat = 63.62831245876848;
% NetPos.lon = 9.72534155984453;
% NetPos.height = 150;
% NetPos.z = -3;
% NetPos.heading = 65;
end